000	67.0
004	73.0
007	29.5
009	52.0
013	66.0
015	41.5
017	51.5
020	30.5
022	62.5
025	49.0
028	64.5
032	48.5
035	40.0
037	60.0
039	38.0
042	55.0
045	37.5
047	45.5
050	56.0
056	54.0
062	41.0
067	60.5
070	50.5
072	57.0
074	66.0
077	34.0
080	69.0
082	48.0
089	51.5
092	48.0
095	73.0
098	43.0
104	47.0
106	44.5
109	63.0
112	54.0
114	68.0
116	49.0
118	43.5
120	41.0
122	60.0
126	48.0
128	70.0
135	41.0
138	60.5
140	53.5
142	38.5
147	66.5
151	31.0
154	60.0
156	65.0
158	63.5
160	58.0
163	64.5
168	61.0
171	68.0
174	49.5
176	36.5
178	49.0
180	37.5
183	51.5
186	54.5
190	36.0
192	46.0
194	41.0
200	28.5
202	38.5
204	47.0
207	45.0
210	58.0
217	63.5
219	51.0
223	64.5
225	54.0
227	53.0
229	58.5
232	33.5
234	33.5
236	59.0
241	43.5
245	38.5
249	60.5
252	58.0
257	38.0
259	38.5
261	53.0
263	72.5
267	50.0
269	49.0
274	64.0
277	47.5
281	49.0
283	39.0
286	73.0
288	32.0
291	60.5
293	38.0
295	38.0
297	50.5
300	74.0
304	53.5
308	55.0
311	40.5
313	60.5
316	74.5
319	59.0
325	53.0
328	59.5
331	64.0
334	34.5
336	64.5
338	54.5
340	48.0
342	55.0
345	31.0
347	53.5
351	67.0
354	51.0
357	59.0
359	51.5
361	57.5
364	35.0
368	56.0
370	44.5
372	44.5
375	37.5
378	51.0
380	38.5
382	28.5
389	54.5
391	26.5
393	38.5
395	73.0
398	40.0
400	35.5
402	31.0
404	67.0
406	72.5
411	46.5
413	56.5
416	64.5
419	52.0
421	32.5
424	49.0
427	51.0
429	48.0
432	41.5
435	58.0
438	60.0
440	45.0
442	73.0
445	66.0
447	66.5
450	54.0
453	49.0
455	34.0
460	60.0
463	39.0
465	35.0
468	72.0
471	62.0
473	34.5
478	71.5
481	73.0
485	55.0
488	72.5
493	54.5
497	67.5
501	52.0
504	65.0
508	47.0
513	67.0
516	52.5
520	49.5
522	65.5
525	54.0
528	68.0
530	65.0
533	55.0
535	44.0
539	58.5
541	49.0
543	43.0
545	46.0
548	60.5
550	58.5
552	64.0
555	56.0
558	19.5
560	41.5
562	64.0
565	36.0
567	37.5
573	60.0
577	74.5
580	59.0
584	60.5
589	61.5
591	45.5
595	36.5
598	67.0
602	38.5
605	66.5
609	40.0
611	37.5
613	46.5
616	62.0
621	45.5
624	72.0
627	63.5
629	60.0
634	55.5
638	47.5
641	62.5
644	68.5
646	64.0
648	53.0
650	49.5
652	62.0
657	59.0
660	41.5
662	24.5
665	56.0
669	37.5
671	34.5
673	55.0
676	39.5
681	56.0
685	46.0
689	50.5
691	54.5
697	34.0
701	33.0
704	28.5
707	25.5
710	49.0
713	53.0
718	54.0
721	55.5
725	53.5
727	40.0
732	59.5
736	51.5
739	50.0
743	59.0
747	45.5
749	31.5
753	57.5
759	67.5
761	52.0
764	66.5
766	58.0
768	66.0
770	40.0
772	48.0
775	55.0
778	46.0
780	27.0
783	66.5
785	49.0
789	52.0
793	51.5
795	59.5
802	60.0
804	69.5
807	56.5
810	48.5
814	44.0
820	56.0
825	75.0
827	57.5
831	69.5
834	32.0
836	49.5
841	64.5
843	38.5
845	51.5
849	63.0
852	61.0
855	50.0
861	74.0
863	25.5
867	50.0
869	72.5
873	21.0
877	38.0
880	53.5
884	60.5
887	76.5
889	70.5
891	60.0
894	40.0
898	72.5
902	57.0
904	47.5
906	61.5
908	59.0
911	62.0
913	49.5
915	63.5
918	46.5
922	56.5
925	56.0
927	36.0
929	42.0
932	46.5
935	47.5
939	60.0
942	53.5
945	67.5
949	59.5
954	71.5
958	54.5
960	44.5
964	38.0
968	59.5
971	56.5
973	36.5
975	61.5
979	52.0
981	54.0
983	63.5
985	41.5
987	37.0
989	55.5
992	49.0
995	45.0
997	50.5
