000	67.0
001	39.0
002	54.5
003	55.5
004	73.0
005	28.5
006	26.5
007	29.5
008	21.0
009	52.0
010	49.5
011	39.5
012	17.5
013	66.0
014	39.0
015	41.5
016	21.5
017	51.5
018	4.5
019	15.0
020	30.5
021	22.0
022	62.5
023	27.5
024	43.5
025	49.0
026	9.0
027	17.5
028	64.5
029	51.0
030	41.5
031	24.0
032	48.5
033	15.0
034	37.5
035	40.0
036	13.0
037	60.0
038	28.5
039	38.0
040	16.0
041	37.5
042	55.0
043	42.0
044	33.5
045	37.5
046	29.0
047	45.5
048	31.0
049	27.0
050	56.0
051	53.0
052	39.5
053	39.0
054	19.5
055	50.0
056	54.0
057	26.5
058	26.0
059	13.5
060	15.5
061	27.0
062	41.0
063	14.5
064	37.0
065	39.5
066	60.0
067	60.5
068	32.0
069	41.0
070	50.5
071	44.5
072	57.0
073	33.5
074	66.0
075	58.0
076	22.0
077	34.0
078	20.0
079	25.0
080	69.0
081	47.0
082	48.0
083	43.5
084	35.0
085	27.0
086	40.0
087	41.5
088	51.0
089	51.5
090	46.0
091	20.5
092	48.0
093	14.0
094	13.5
095	73.0
096	41.5
097	25.5
098	43.0
099	38.5
100	34.5
101	29.0
102	35.5
103	40.0
104	47.0
105	41.5
106	44.5
107	33.5
108	55.0
109	63.0
110	52.5
111	36.5
112	54.0
113	32.5
114	68.0
115	26.5
116	49.0
117	41.0
118	43.5
119	35.5
120	41.0
121	36.0
122	60.0
123	46.0
124	16.5
125	38.0
126	48.0
127	47.5
128	70.0
129	69.0
130	66.5
131	45.0
132	19.0
133	7.0
134	39.5
135	41.0
136	35.0
137	4.0
138	60.5
139	31.5
140	53.5
141	35.5
142	38.5
143	23.5
144	35.5
145	39.5
146	52.5
147	66.5
148	42.0
149	25.0
150	22.5
151	31.0
152	9.0
153	35.0
154	60.0
155	58.5
156	65.0
157	57.5
158	63.5
159	49.5
160	58.0
161	49.5
162	41.5
163	64.5
164	34.0
165	15.0
166	31.0
167	48.5
168	61.0
169	58.0
170	50.5
171	68.0
172	48.0
173	48.5
174	49.5
175	34.5
176	36.5
177	35.5
178	49.0
179	11.0
180	37.5
181	35.0
182	40.5
183	51.5
184	26.5
185	49.5
186	54.5
187	41.5
188	27.5
189	10.0
190	36.0
191	31.0
192	46.0
193	23.0
194	41.0
195	24.0
196	24.0
197	14.0
198	10.0
199	21.5
200	28.5
201	19.5
202	38.5
203	15.5
204	47.0
205	22.0
206	13.5
207	45.0
208	17.0
209	37.0
210	58.0
211	44.5
212	28.0
213	24.0
214	17.5
215	42.0
216	62.0
217	63.5
218	26.5
219	51.0
220	46.0
221	46.0
222	13.5
223	64.5
224	33.5
225	54.0
226	41.5
227	53.0
228	28.5
229	58.5
230	23.5
231	31.5
232	33.5
233	32.0
234	33.5
235	25.5
236	59.0
237	43.0
238	43.0
239	31.0
240	17.5
241	43.5
242	38.5
243	30.5
244	12.5
245	38.5
246	34.5
247	26.5
248	10.5
249	60.5
250	34.0
251	39.5
252	58.0
253	30.5
254	28.5
255	13.5
256	4.5
257	38.0
258	33.0
259	38.5
260	32.0
261	53.0
262	40.0
263	72.5
264	52.5
265	15.5
266	18.5
267	50.0
268	28.5
269	49.0
270	42.0
271	41.0
272	37.5
273	55.0
274	64.0
275	41.0
276	32.5
277	47.5
278	9.5
279	13.0
280	41.5
281	49.0
282	34.5
283	39.0
284	5.5
285	59.5
286	73.0
287	30.5
288	32.0
289	31.0
290	17.5
291	60.5
292	34.0
293	38.0
294	28.5
295	38.0
296	13.0
297	50.5
298	41.5
299	34.0
300	74.0
301	38.5
302	9.5
303	51.0
304	53.5
305	48.0
306	13.5
307	45.0
308	55.0
309	26.0
310	24.5
311	40.5
312	18.0
313	60.5
314	38.0
315	48.5
316	74.5
317	28.0
318	42.0
319	59.0
320	58.0
321	34.0
322	10.0
323	31.0
324	50.5
325	53.0
326	20.0
327	58.0
328	59.5
329	32.5
330	7.0
331	64.0
332	35.5
333	13.0
334	34.5
335	12.0
336	64.5
337	14.0
338	54.5
339	33.0
340	48.0
341	24.0
342	55.0
343	30.5
344	20.0
345	31.0
346	27.0
347	53.5
348	48.5
349	33.5
350	40.5
351	67.0
352	29.0
353	38.0
354	51.0
355	46.5
356	10.5
357	59.0
358	39.0
359	51.5
360	23.5
361	57.5
362	34.0
363	21.0
364	35.0
365	27.5
366	37.0
367	37.5
368	56.0
369	41.5
370	44.5
371	38.0
372	44.5
373	15.5
374	12.0
375	37.5
376	24.5
377	25.0
378	51.0
379	36.5
380	38.5
381	11.0
382	28.5
383	15.0
384	14.5
385	11.0
386	27.5
387	35.0
388	48.5
389	54.5
390	21.0
391	26.5
392	17.5
393	38.5
394	28.0
395	73.0
396	6.5
397	25.5
398	40.0
399	30.0
400	35.5
401	26.5
402	31.0
403	19.5
404	67.0
405	49.0
406	72.5
407	22.5
408	29.5
409	42.5
410	44.5
411	46.5
412	29.5
413	56.5
414	46.0
415	23.0
416	64.5
417	57.0
418	29.0
419	52.0
420	21.5
421	32.5
422	30.0
423	15.5
424	49.0
425	22.0
426	36.0
427	51.0
428	22.5
429	48.0
430	13.0
431	15.0
432	41.5
433	40.5
434	13.0
435	58.0
436	52.0
437	37.0
438	60.0
439	42.0
440	45.0
441	43.0
442	73.0
443	43.5
444	37.5
445	66.0
446	52.0
447	66.5
448	50.0
449	16.5
450	54.0
451	50.0
452	41.0
453	49.0
454	18.5
455	34.0
456	14.0
457	17.0
458	18.0
459	28.5
460	60.0
461	47.5
462	10.5
463	39.0
464	20.5
465	35.0
466	31.5
467	33.0
468	72.0
469	51.5
470	47.0
471	62.0
472	30.0
473	34.5
474	23.0
475	43.0
476	62.0
477	64.5
478	71.5
479	49.5
480	43.5
481	73.0
482	56.0
483	36.5
484	27.5
485	55.0
486	41.5
487	42.5
488	72.5
489	63.0
490	6.5
491	28.5
492	29.5
493	54.5
494	26.0
495	39.0
496	42.5
497	67.5
498	62.0
499	17.0
500	47.0
501	52.0
502	33.0
503	52.5
504	65.0
505	25.5
506	23.5
507	21.5
508	47.0
509	42.5
510	40.0
511	36.5
512	36.5
513	67.0
514	10.0
515	11.5
516	52.5
517	36.0
518	20.5
519	16.5
520	49.5
521	49.0
522	65.5
523	27.0
524	28.5
525	54.0
526	26.0
527	38.5
528	68.0
529	33.0
530	65.0
531	49.5
532	32.5
533	55.0
534	42.5
535	44.0
536	37.5
537	31.5
538	26.5
539	58.5
540	17.0
541	49.0
542	38.5
543	43.0
544	29.0
545	46.0
546	36.0
547	47.5
548	60.5
549	30.5
550	58.5
551	44.0
552	64.0
553	37.5
554	34.0
555	56.0
556	48.0
557	14.0
558	19.5
559	6.5
560	41.5
561	28.0
562	64.0
563	34.5
564	28.5
565	36.0
566	11.0
567	37.5
568	12.0
569	36.5
570	47.5
571	57.5
572	59.5
573	60.0
574	25.5
575	37.5
576	61.5
577	74.5
578	46.0
579	32.0
580	59.0
581	55.5
582	28.0
583	14.0
584	60.5
585	21.5
586	33.0
587	36.0
588	47.5
589	61.5
590	30.5
591	45.5
592	27.0
593	11.5
594	3.5
595	36.5
596	36.0
597	26.5
598	67.0
599	49.5
600	36.0
601	33.0
602	38.5
603	12.0
604	23.0
605	66.5
606	57.5
607	35.5
608	29.5
609	40.0
610	16.5
611	37.5
612	32.5
613	46.5
614	40.0
615	13.0
616	62.0
617	48.5
618	6.5
619	23.0
620	28.5
621	45.5
622	42.5
623	44.5
624	72.0
625	24.5
626	27.0
627	63.5
628	37.0
629	60.0
630	58.5
631	46.5
632	45.0
633	52.5
634	55.5
635	17.5
636	11.5
637	14.0
638	47.5
639	45.0
640	53.5
641	62.5
642	43.0
643	23.5
644	68.5
645	12.5
646	64.0
647	42.0
648	53.0
649	22.5
650	49.5
651	48.5
652	62.0
653	45.5
654	24.0
655	27.0
656	48.5
657	59.0
658	39.0
659	10.5
660	41.5
661	23.5
662	24.5
663	13.0
664	32.5
665	56.0
666	27.5
667	17.0
668	16.0
669	37.5
670	18.0
671	34.5
672	29.0
673	55.0
674	6.0
675	30.0
676	39.5
677	16.0
678	11.0
679	36.5
680	50.5
681	56.0
682	36.0
683	16.5
684	28.0
685	46.0
686	14.0
687	17.5
688	37.0
689	50.5
690	15.0
691	54.5
692	48.5
693	29.5
694	62.0
695	62.0
696	29.5
697	34.0
698	33.0
699	20.0
700	21.5
701	33.0
702	18.0
703	12.0
704	28.5
705	8.0
706	9.0
707	25.5
708	24.5
709	34.0
710	49.0
711	5.0
712	5.5
713	53.0
714	43.5
715	31.5
716	31.0
717	38.5
718	54.0
719	47.5
720	45.0
721	55.5
722	51.5
723	43.5
724	42.0
725	53.5
726	3.0
727	40.0
728	36.5
729	27.0
730	9.5
731	25.0
732	59.5
733	25.0
734	23.5
735	48.5
736	51.5
737	42.5
738	36.5
739	50.0
740	33.0
741	34.0
742	42.5
743	59.0
744	46.5
745	29.0
746	18.0
747	45.5
748	30.5
749	31.5
750	30.5
751	13.5
752	25.0
753	57.5
754	52.0
755	41.0
756	39.0
757	16.0
758	30.5
759	67.5
760	29.5
761	52.0
762	11.5
763	57.0
764	66.5
765	45.0
766	58.0
767	25.5
768	66.0
769	29.5
770	40.0
771	30.5
772	48.0
773	32.0
774	31.0
775	55.0
776	21.0
777	32.5
778	46.0
779	25.5
780	27.0
781	25.0
782	64.5
783	66.5
784	48.5
785	49.0
786	40.5
787	15.5
788	22.0
789	52.0
790	41.5
791	41.5
792	39.5
793	51.5
794	24.5
795	59.5
796	58.5
797	37.0
798	17.5
799	22.0
800	40.5
801	42.5
802	60.0
803	48.5
804	69.5
805	5.0
806	38.5
807	56.5
808	16.5
809	7.0
810	48.5
811	28.5
812	19.5
813	42.5
814	44.0
815	32.0
816	20.0
817	29.0
818	41.5
819	54.0
820	56.0
821	27.0
822	28.0
823	40.5
824	43.5
825	75.0
826	31.0
827	57.5
828	18.5
829	26.0
830	39.0
831	69.5
832	47.0
833	16.5
834	32.0
835	22.5
836	49.5
837	15.5
838	41.5
839	47.5
840	50.5
841	64.5
842	25.5
843	38.5
844	18.0
845	51.5
846	41.0
847	20.5
848	43.0
849	63.0
850	46.5
851	22.0
852	61.0
853	44.0
854	37.5
855	50.0
856	49.5
857	17.0
858	31.5
859	33.5
860	59.5
861	74.0
862	24.5
863	25.5
864	12.5
865	16.5
866	44.0
867	50.0
868	37.0
869	72.5
870	39.5
871	28.5
872	18.5
873	21.0
874	16.5
875	31.0
876	36.0
877	38.0
878	14.5
879	41.5
880	53.5
881	45.5
882	31.5
883	38.0
884	60.5
885	14.5
886	70.5
887	76.5
888	64.5
889	70.5
890	19.0
891	60.0
892	37.5
893	31.0
894	40.0
895	25.5
896	42.5
897	64.5
898	72.5
899	1.5
900	30.5
901	31.5
902	57.0
903	31.0
904	47.5
905	29.0
906	61.5
907	22.0
908	59.0
909	48.0
910	61.0
911	62.0
912	12.0
913	49.5
914	29.0
915	63.5
916	22.5
917	44.0
918	46.5
919	41.5
920	33.5
921	3.0
922	56.5
923	17.5
924	16.5
925	56.0
926	13.0
927	36.0
928	23.5
929	42.0
930	21.5
931	46.0
932	46.5
933	37.5
934	46.0
935	47.5
936	26.5
937	24.5
938	57.5
939	60.0
940	55.0
941	50.0
942	53.5
943	26.0
944	54.0
945	67.5
946	15.0
947	33.5
948	43.0
949	59.5
950	13.5
951	32.0
952	61.0
953	63.0
954	71.5
955	42.0
956	43.5
957	46.0
958	54.5
959	43.5
960	44.5
961	37.0
962	34.0
963	31.0
964	38.0
965	1.0
966	5.5
967	13.5
968	59.5
969	39.0
970	19.0
971	56.5
972	23.5
973	36.5
974	23.0
975	61.5
976	44.5
977	42.0
978	45.0
979	52.0
980	43.0
981	54.0
982	20.0
983	63.5
984	9.5
985	41.5
986	34.0
987	37.0
988	31.5
989	55.5
990	45.5
991	46.0
992	49.0
993	41.5
994	15.0
995	45.0
996	20.0
997	50.5
998	32.5
999	34.0
