000	4.242640687119285
001	38.18376618407357
002	0.7071067811865476
003	13.435028842544403
004	1.4142135623730951
005	37.476659402887016
006	13.435028842544403
007	26.16295090390226
008	21.213203435596427
009	22.627416997969522
010	40.30508652763321
011	31.81980515339464
012	19.091883092036785
013	1.4142135623730951
014	41.012193308819754
015	41.71930009000631
016	2.1213203435596424
017	7.7781745930520225
018	4.949747468305833
019	16.97056274847714
020	7.7781745930520225
021	1.4142135623730951
022	6.363961030678928
023	33.23401871576773
024	14.849242404917497
025	0.0
026	11.313708498984761
027	20.506096654409877
028	17.67766952966369
029	24.041630560342615
030	31.81980515339464
031	26.870057685088806
032	26.16295090390226
033	2.8284271247461903
034	27.577164466275352
035	35.35533905932738
036	4.242640687119285
037	25.45584412271571
038	14.849242404917497
039	8.48528137423857
040	21.213203435596427
041	0.7071067811865476
042	12.727922061357855
043	35.35533905932738
044	13.435028842544403
045	10.606601717798213
046	32.526911934581186
047	3.5355339059327378
048	0.0
049	9.899494936611665
050	8.48528137423857
051	1.4142135623730951
052	13.435028842544403
053	31.11269837220809
054	17.67766952966369
055	15.556349186104045
056	8.48528137423857
057	19.091883092036785
058	9.899494936611665
059	9.192388155425117
060	21.920310216782973
061	15.556349186104045
062	28.284271247461902
063	19.091883092036785
064	46.66904755831214
065	54.44722215136416
066	4.242640687119285
067	0.7071067811865476
068	43.840620433565945
069	52.32590180780452
070	34.64823227814083
071	3.5355339059327378
072	7.0710678118654755
073	19.091883092036785
074	18.384776310850235
075	19.79898987322333
076	14.142135623730951
077	14.142135623730951
078	2.8284271247461903
079	15.556349186104045
080	11.313708498984761
081	7.0710678118654755
082	36.76955262170047
083	12.020815280171307
084	36.76955262170047
085	11.313708498984761
086	22.627416997969522
087	47.37615433949868
088	21.213203435596427
089	19.091883092036785
090	26.870057685088806
091	21.920310216782973
092	5.656854249492381
093	12.727922061357855
094	6.363961030678928
095	1.4142135623730951
096	27.577164466275352
097	16.263455967290593
098	41.012193308819754
099	45.96194077712559
100	13.435028842544403
101	39.59797974644666
102	6.363961030678928
103	46.66904755831214
104	25.45584412271571
105	26.16295090390226
106	7.7781745930520225
107	37.476659402887016
108	24.041630560342615
109	4.242640687119285
110	16.263455967290593
111	21.920310216782973
112	28.284271247461902
113	17.67766952966369
114	7.0710678118654755
115	10.606601717798213
116	42.42640687119285
117	45.254833995939045
118	13.435028842544403
119	10.606601717798213
120	50.91168824543142
121	29.698484809834994
122	18.384776310850235
123	42.42640687119285
124	3.5355339059327378
125	5.656854249492381
126	11.313708498984761
127	40.30508652763321
128	1.4142135623730951
129	1.4142135623730951
130	12.020815280171307
131	11.313708498984761
132	14.142135623730951
133	8.48528137423857
134	36.062445840513924
135	21.213203435596427
136	21.213203435596427
137	4.242640687119285
138	6.363961030678928
139	19.091883092036785
140	26.16295090390226
141	28.991378028648448
142	30.405591591021544
143	2.1213203435596424
144	23.33452377915607
145	20.506096654409877
146	14.849242404917497
147	9.192388155425117
148	19.79898987322333
149	7.0710678118654755
150	16.263455967290593
151	15.556349186104045
152	2.8284271247461903
153	26.870057685088806
154	16.97056274847714
155	12.020815280171307
156	11.313708498984761
157	12.020815280171307
158	17.67766952966369
159	13.435028842544403
160	28.284271247461902
161	41.71930009000631
162	4.949747468305833
163	14.849242404917497
164	9.899494936611665
165	1.4142135623730951
166	11.313708498984761
167	2.1213203435596424
168	14.142135623730951
169	28.284271247461902
170	40.30508652763321
171	9.899494936611665
172	32.526911934581186
173	17.67766952966369
174	26.16295090390226
175	6.363961030678928
176	19.091883092036785
177	24.748737341529164
178	19.79898987322333
179	4.242640687119285
180	26.16295090390226
181	5.656854249492381
182	14.849242404917497
183	26.16295090390226
184	28.991378028648448
185	10.606601717798213
186	26.16295090390226
187	19.091883092036785
188	10.606601717798213
189	7.0710678118654755
190	9.899494936611665
191	35.35533905932738
192	26.870057685088806
193	29.698484809834994
194	48.08326112068523
195	5.656854249492381
196	2.8284271247461903
197	5.656854249492381
198	7.0710678118654755
199	2.1213203435596424
200	4.949747468305833
201	12.020815280171307
202	21.920310216782973
203	3.5355339059327378
204	19.79898987322333
205	1.4142135623730951
206	10.606601717798213
207	15.556349186104045
208	4.242640687119285
209	46.66904755831214
210	5.656854249492381
211	33.23401871576773
212	15.556349186104045
213	22.627416997969522
214	21.920310216782973
215	18.384776310850235
216	19.79898987322333
217	21.920310216782973
218	26.16295090390226
219	12.727922061357855
220	12.727922061357855
221	12.727922061357855
222	13.435028842544403
223	12.020815280171307
224	33.23401871576773
225	18.384776310850235
226	12.020815280171307
227	11.313708498984761
228	23.33452377915607
229	12.020815280171307
230	14.849242404917497
231	40.30508652763321
232	27.577164466275352
233	26.870057685088806
234	14.849242404917497
235	16.263455967290593
236	11.313708498984761
237	31.11269837220809
238	14.142135623730951
239	5.656854249492381
240	6.363961030678928
241	50.204581464244875
242	33.23401871576773
243	38.890872965260115
244	0.7071067811865476
245	48.79036790187178
246	36.062445840513924
247	23.33452377915607
248	4.949747468305833
249	20.506096654409877
250	22.627416997969522
251	47.37615433949868
252	16.97056274847714
253	34.64823227814083
254	9.192388155425117
255	12.020815280171307
256	0.7071067811865476
257	39.59797974644666
258	36.76955262170047
259	28.991378028648448
260	36.76955262170047
261	11.313708498984761
262	39.59797974644666
263	3.5355339059327378
264	9.192388155425117
265	19.091883092036785
266	13.435028842544403
267	33.94112549695428
268	4.949747468305833
269	9.899494936611665
270	9.899494936611665
271	19.79898987322333
272	40.30508652763321
273	16.97056274847714
274	12.727922061357855
275	4.242640687119285
276	17.67766952966369
277	44.54772721475249
278	6.363961030678928
279	14.142135623730951
280	38.890872965260115
281	1.4142135623730951
282	31.81980515339464
283	33.94112549695428
284	2.1213203435596424
285	17.67766952966369
286	2.8284271247461903
287	19.091883092036785
288	8.48528137423857
289	28.284271247461902
290	17.67766952966369
291	2.1213203435596424
292	42.42640687119285
293	32.526911934581186
294	26.16295090390226
295	43.840620433565945
296	8.48528137423857
297	7.7781745930520225
298	23.33452377915607
299	48.08326112068523
300	5.656854249492381
301	21.920310216782973
302	3.5355339059327378
303	35.35533905932738
304	23.33452377915607
305	38.18376618407357
306	4.949747468305833
307	35.35533905932738
308	31.11269837220809
309	26.870057685088806
310	14.849242404917497
311	26.16295090390226
312	2.8284271247461903
313	16.263455967290593
314	41.012193308819754
315	36.062445840513924
316	6.363961030678928
317	16.97056274847714
318	45.254833995939045
319	7.0710678118654755
320	9.899494936611665
321	9.899494936611665
322	1.4142135623730951
323	8.48528137423857
324	34.64823227814083
325	31.11269837220809
326	26.870057685088806
327	29.698484809834994
328	0.7071067811865476
329	37.476659402887016
330	1.4142135623730951
331	8.48528137423857
332	37.476659402887016
333	1.4142135623730951
334	13.435028842544403
335	14.142135623730951
336	16.263455967290593
337	7.0710678118654755
338	6.363961030678928
339	42.42640687119285
340	21.213203435596427
341	21.213203435596427
342	11.313708498984761
343	34.64823227814083
344	25.45584412271571
345	15.556349186104045
346	12.727922061357855
347	13.435028842544403
348	23.33452377915607
349	43.1335136523794
350	24.748737341529164
351	4.242640687119285
352	24.041630560342615
353	9.899494936611665
354	7.0710678118654755
355	41.71930009000631
356	4.949747468305833
357	16.97056274847714
358	12.727922061357855
359	20.506096654409877
360	20.506096654409877
361	13.435028842544403
362	14.142135623730951
363	9.899494936611665
364	28.284271247461902
365	37.476659402887016
366	43.840620433565945
367	28.991378028648448
368	31.11269837220809
369	36.062445840513924
370	3.5355339059327378
371	15.556349186104045
372	27.577164466275352
373	14.849242404917497
374	9.899494936611665
375	16.263455967290593
376	9.192388155425117
377	18.384776310850235
378	16.97056274847714
379	50.204581464244875
380	44.54772721475249
381	8.48528137423857
382	14.849242404917497
383	11.313708498984761
384	13.435028842544403
385	14.142135623730951
386	26.16295090390226
387	5.656854249492381
388	20.506096654409877
389	20.506096654409877
390	15.556349186104045
391	9.192388155425117
392	13.435028842544403
393	47.37615433949868
394	21.213203435596427
395	4.242640687119285
396	6.363961030678928
397	12.020815280171307
398	22.627416997969522
399	24.041630560342615
400	21.920310216782973
401	7.7781745930520225
402	15.556349186104045
403	13.435028842544403
404	8.48528137423857
405	15.556349186104045
406	6.363961030678928
407	27.577164466275352
408	2.1213203435596424
409	50.204581464244875
410	44.54772721475249
411	6.363961030678928
412	23.33452377915607
413	21.920310216782973
414	43.840620433565945
415	21.213203435596427
416	7.7781745930520225
417	2.8284271247461903
418	26.870057685088806
419	15.556349186104045
420	14.849242404917497
421	9.192388155425117
422	29.698484809834994
423	3.5355339059327378
424	7.0710678118654755
425	21.213203435596427
426	48.08326112068523
427	33.94112549695428
428	31.81980515339464
429	28.284271247461902
430	1.4142135623730951
431	5.656854249492381
432	44.54772721475249
433	48.79036790187178
434	2.8284271247461903
435	25.45584412271571
436	16.97056274847714
437	7.0710678118654755
438	16.97056274847714
439	18.384776310850235
440	19.79898987322333
441	25.45584412271571
442	7.0710678118654755
443	6.363961030678928
444	43.1335136523794
445	14.142135623730951
446	33.94112549695428
447	10.606601717798213
448	32.526911934581186
449	10.606601717798213
450	22.627416997969522
451	38.18376618407357
452	50.91168824543142
453	35.35533905932738
454	26.16295090390226
455	46.66904755831214
456	15.556349186104045
457	15.556349186104045
458	2.8284271247461903
459	3.5355339059327378
460	11.313708498984761
461	28.991378028648448
462	13.435028842544403
463	14.142135623730951
464	21.920310216782973
465	5.656854249492381
466	27.577164466275352
467	0.0
468	2.8284271247461903
469	17.67766952966369
470	43.840620433565945
471	14.142135623730951
472	18.384776310850235
473	14.849242404917497
474	25.45584412271571
475	35.35533905932738
476	15.556349186104045
477	13.435028842544403
478	3.5355339059327378
479	40.30508652763321
480	13.435028842544403
481	2.8284271247461903
482	4.242640687119285
483	21.920310216782973
484	23.33452377915607
485	1.4142135623730951
486	10.606601717798213
487	43.1335136523794
488	7.7781745930520225
489	12.727922061357855
490	0.7071067811865476
491	21.920310216782973
492	16.263455967290593
493	6.363961030678928
494	15.556349186104045
495	46.66904755831214
496	38.890872965260115
497	13.435028842544403
498	16.97056274847714
499	15.556349186104045
500	28.284271247461902
501	36.76955262170047
502	1.4142135623730951
503	36.062445840513924
504	16.97056274847714
505	33.23401871576773
506	21.920310216782973
507	26.16295090390226
508	11.313708498984761
509	40.30508652763321
510	2.8284271247461903
511	37.476659402887016
512	24.748737341529164
513	1.4142135623730951
514	12.727922061357855
515	9.192388155425117
516	10.606601717798213
517	8.48528137423857
518	3.5355339059327378
519	2.1213203435596424
520	31.81980515339464
521	1.4142135623730951
522	3.5355339059327378
523	31.11269837220809
524	34.64823227814083
525	21.213203435596427
526	9.899494936611665
527	36.062445840513924
528	1.4142135623730951
529	36.76955262170047
530	8.48528137423857
531	37.476659402887016
532	14.849242404917497
533	16.97056274847714
534	20.506096654409877
535	33.94112549695428
536	30.405591591021544
537	2.1213203435596424
538	20.506096654409877
539	14.849242404917497
540	5.656854249492381
541	39.59797974644666
542	53.033008588991066
543	5.656854249492381
544	31.11269837220809
545	31.11269837220809
546	35.35533905932738
547	19.091883092036785
548	6.363961030678928
549	27.577164466275352
550	28.991378028648448
551	11.313708498984761
552	21.213203435596427
553	24.748737341529164
554	16.97056274847714
555	12.727922061357855
556	14.142135623730951
557	2.8284271247461903
558	14.849242404917497
559	4.949747468305833
560	53.033008588991066
561	9.899494936611665
562	21.213203435596427
563	48.79036790187178
564	37.476659402887016
565	28.284271247461902
566	8.48528137423857
567	24.748737341529164
568	7.0710678118654755
569	10.606601717798213
570	9.192388155425117
571	14.849242404917497
572	7.7781745930520225
573	24.041630560342615
574	10.606601717798213
575	45.96194077712559
576	13.435028842544403
577	0.7071067811865476
578	0.0
579	1.4142135623730951
580	16.97056274847714
581	19.091883092036785
582	7.0710678118654755
583	16.97056274847714
584	14.849242404917497
585	7.7781745930520225
586	32.526911934581186
587	9.899494936611665
588	3.5355339059327378
589	10.606601717798213
590	23.33452377915607
591	37.476659402887016
592	26.870057685088806
593	4.949747468305833
594	3.5355339059327378
595	10.606601717798213
596	33.94112549695428
597	13.435028842544403
598	16.97056274847714
599	10.606601717798213
600	35.35533905932738
601	12.727922061357855
602	7.7781745930520225
603	12.727922061357855
604	9.899494936611665
605	12.020815280171307
606	7.7781745930520225
607	2.1213203435596424
608	9.192388155425117
609	31.11269837220809
610	9.192388155425117
611	47.37615433949868
612	9.192388155425117
613	34.64823227814083
614	1.4142135623730951
615	4.242640687119285
616	14.142135623730951
617	43.1335136523794
618	7.7781745930520225
619	26.870057685088806
620	37.476659402887016
621	2.1213203435596424
622	41.71930009000631
623	17.67766952966369
624	5.656854249492381
625	7.7781745930520225
626	28.284271247461902
627	7.7781745930520225
628	35.35533905932738
629	11.313708498984761
630	28.991378028648448
631	3.5355339059327378
632	7.0710678118654755
633	12.020815280171307
634	20.506096654409877
635	6.363961030678928
636	7.7781745930520225
637	5.656854249492381
638	21.920310216782973
639	21.213203435596427
640	24.748737341529164
641	13.435028842544403
642	42.42640687119285
643	17.67766952966369
644	0.7071067811865476
645	2.1213203435596424
646	18.384776310850235
647	11.313708498984761
648	22.627416997969522
649	31.81980515339464
650	7.7781745930520225
651	33.23401871576773
652	21.213203435596427
653	10.606601717798213
654	8.48528137423857
655	9.899494936611665
656	4.949747468305833
657	14.142135623730951
658	33.94112549695428
659	10.606601717798213
660	47.37615433949868
661	27.577164466275352
662	24.748737341529164
663	11.313708498984761
664	14.849242404917497
665	0.0
666	36.062445840513924
667	5.656854249492381
668	7.0710678118654755
669	9.192388155425117
670	7.0710678118654755
671	4.949747468305833
672	26.870057685088806
673	31.11269837220809
674	2.8284271247461903
675	15.556349186104045
676	20.506096654409877
677	8.48528137423857
678	8.48528137423857
679	36.062445840513924
680	16.263455967290593
681	19.79898987322333
682	49.49747468305833
683	7.7781745930520225
684	14.142135623730951
685	12.727922061357855
686	7.0710678118654755
687	10.606601717798213
688	21.213203435596427
689	30.405591591021544
690	15.556349186104045
691	27.577164466275352
692	2.1213203435596424
693	3.5355339059327378
694	24.041630560342615
695	7.0710678118654755
696	6.363961030678928
697	21.213203435596427
698	35.35533905932738
699	18.384776310850235
700	24.748737341529164
701	4.242640687119285
702	14.142135623730951
703	14.142135623730951
704	2.1213203435596424
705	11.313708498984761
706	8.48528137423857
707	36.062445840513924
708	13.435028842544403
709	14.142135623730951
710	16.97056274847714
711	5.656854249492381
712	2.1213203435596424
713	19.79898987322333
714	45.96194077712559
715	38.890872965260115
716	14.142135623730951
717	26.16295090390226
718	9.899494936611665
719	38.890872965260115
720	8.48528137423857
721	6.363961030678928
722	23.33452377915607
723	16.263455967290593
724	52.32590180780452
725	3.5355339059327378
726	1.4142135623730951
727	25.45584412271571
728	40.30508652763321
729	22.627416997969522
730	2.1213203435596424
731	8.48528137423857
732	13.435028842544403
733	2.8284271247461903
734	21.920310216782973
735	40.30508652763321
736	36.062445840513924
737	14.849242404917497
738	2.1213203435596424
739	29.698484809834994
740	38.18376618407357
741	46.66904755831214
742	14.849242404917497
743	28.284271247461902
744	38.890872965260115
745	26.870057685088806
746	8.48528137423857
747	34.64823227814083
748	37.476659402887016
749	43.1335136523794
750	21.920310216782973
751	7.7781745930520225
752	0.0
753	30.405591591021544
754	7.0710678118654755
755	41.012193308819754
756	4.242640687119285
757	8.48528137423857
758	0.7071067811865476
759	13.435028842544403
760	12.020815280171307
761	12.727922061357855
762	14.849242404917497
763	9.899494936611665
764	0.7071067811865476
765	5.656854249492381
766	24.041630560342615
767	12.020815280171307
768	12.727922061357855
769	41.71930009000631
770	39.59797974644666
771	30.405591591021544
772	18.384776310850235
773	11.313708498984761
774	29.698484809834994
775	31.11269837220809
776	21.213203435596427
777	4.949747468305833
778	11.313708498984761
779	10.606601717798213
780	9.899494936611665
781	9.899494936611665
782	6.363961030678928
783	7.7781745930520225
784	37.476659402887016
785	18.384776310850235
786	9.192388155425117
787	4.949747468305833
788	4.242640687119285
789	5.656854249492381
790	30.405591591021544
791	19.091883092036785
792	51.61879502661797
793	0.7071067811865476
794	0.7071067811865476
795	10.606601717798213
796	14.849242404917497
797	33.94112549695428
798	2.1213203435596424
799	9.899494936611665
800	53.033008588991066
801	6.363961030678928
802	8.48528137423857
803	19.091883092036785
804	4.949747468305833
805	2.8284271247461903
806	0.7071067811865476
807	7.7781745930520225
808	17.67766952966369
809	5.656854249492381
810	17.67766952966369
811	40.30508652763321
812	6.363961030678928
813	0.7071067811865476
814	42.42640687119285
815	31.11269837220809
816	14.142135623730951
817	26.870057685088806
818	7.7781745930520225
819	19.79898987322333
820	9.899494936611665
821	32.526911934581186
822	15.556349186104045
823	47.37615433949868
824	50.204581464244875
825	1.4142135623730951
826	39.59797974644666
827	3.5355339059327378
828	26.16295090390226
829	2.8284271247461903
830	38.18376618407357
831	10.606601717798213
832	32.526911934581186
833	13.435028842544403
834	16.97056274847714
835	10.606601717798213
836	40.30508652763321
837	21.920310216782973
838	2.1213203435596424
839	2.1213203435596424
840	23.33452377915607
841	0.7071067811865476
842	3.5355339059327378
843	50.204581464244875
844	12.727922061357855
845	38.890872965260115
846	5.656854249492381
847	6.363961030678928
848	14.142135623730951
849	19.79898987322333
850	40.30508652763321
851	14.142135623730951
852	15.556349186104045
853	45.254833995939045
854	51.61879502661797
855	36.76955262170047
856	40.30508652763321
857	0.0
858	33.23401871576773
859	0.7071067811865476
860	19.091883092036785
861	4.242640687119285
862	33.23401871576773
863	6.363961030678928
864	9.192388155425117
865	23.33452377915607
866	42.42640687119285
867	16.97056274847714
868	38.18376618407357
869	0.7071067811865476
870	48.79036790187178
871	3.5355339059327378
872	20.506096654409877
873	26.870057685088806
874	14.849242404917497
875	43.840620433565945
876	29.698484809834994
877	48.08326112068523
878	12.020815280171307
879	9.192388155425117
880	2.1213203435596424
881	44.54772721475249
882	31.81980515339464
883	53.74011537017761
884	3.5355339059327378
885	14.849242404917497
886	4.949747468305833
887	3.5355339059327378
888	0.7071067811865476
889	12.020815280171307
890	7.0710678118654755
891	8.48528137423857
892	33.23401871576773
893	31.11269837220809
894	7.0710678118654755
895	19.091883092036785
896	45.96194077712559
897	17.67766952966369
898	3.5355339059327378
899	0.7071067811865476
900	38.890872965260115
901	3.5355339059327378
902	0.0
903	2.8284271247461903
904	3.5355339059327378
905	25.45584412271571
906	21.920310216782973
907	1.4142135623730951
908	19.79898987322333
909	28.284271247461902
910	22.627416997969522
911	24.041630560342615
912	16.97056274847714
913	37.476659402887016
914	21.213203435596427
915	16.263455967290593
916	13.435028842544403
917	31.11269837220809
918	14.849242404917497
919	44.54772721475249
920	3.5355339059327378
921	1.4142135623730951
922	24.748737341529164
923	10.606601717798213
924	3.5355339059327378
925	0.0
926	1.4142135623730951
927	4.242640687119285
928	28.991378028648448
929	36.76955262170047
930	27.577164466275352
931	41.012193308819754
932	16.263455967290593
933	47.37615433949868
934	4.242640687119285
935	28.991378028648448
936	36.062445840513924
937	9.192388155425117
938	16.263455967290593
939	19.79898987322333
940	14.142135623730951
941	31.11269837220809
942	20.506096654409877
943	24.041630560342615
944	8.48528137423857
945	13.435028842544403
946	21.213203435596427
947	41.71930009000631
948	26.870057685088806
949	17.67766952966369
950	14.849242404917497
951	18.384776310850235
952	24.041630560342615
953	11.313708498984761
954	0.7071067811865476
955	15.556349186104045
956	0.7071067811865476
957	33.94112549695428
958	10.606601717798213
959	44.54772721475249
960	30.405591591021544
961	5.656854249492381
962	22.627416997969522
963	19.79898987322333
964	15.556349186104045
965	1.4142135623730951
966	2.1213203435596424
967	4.949747468305833
968	9.192388155425117
969	39.59797974644666
970	14.142135623730951
971	24.748737341529164
972	10.606601717798213
973	26.16295090390226
974	11.313708498984761
975	21.920310216782973
976	21.920310216782973
977	12.727922061357855
978	45.254833995939045
979	28.284271247461902
980	11.313708498984761
981	31.11269837220809
982	21.213203435596427
983	2.1213203435596424
984	10.606601717798213
985	20.506096654409877
986	48.08326112068523
987	32.526911934581186
988	17.67766952966369
989	31.81980515339464
990	44.54772721475249
991	33.94112549695428
992	33.94112549695428
993	33.23401871576773
994	4.242640687119285
995	31.11269837220809
996	7.0710678118654755
997	34.64823227814083
998	33.23401871576773
999	31.11269837220809
