000	54.262350071152675
001	54.41133326635185
002	54.80324281309062
003	54.90190682130922
004	55.373779637377964
005	54.52489459947802
006	54.08887775551102
007	53.92263094762095
008	54.96840204634366
009	54.2183908045977
010	54.484329628517074
011	54.67609688306532
012	54.4494825036964
013	54.56778827233373
014	54.30081546360616
015	54.531543887147336
016	54.666369224667854
017	54.46247977346278
018	54.929539831766455
019	54.92556442867002
020	54.435817908954476
021	54.13016257699687
022	54.14680395555102
023	54.26000400160064
024	54.20911663634526
025	54.292158223455935
026	53.86819226541421
027	54.415656666004374
028	54.82779275232105
029	54.560309738905985
030	54.14732633683158
031	54.80425701213447
032	54.52082297982308
033	54.200985707244946
034	54.08933746377536
035	54.723505572441745
036	54.57346603734866
037	54.126410153102334
038	54.14103721536764
039	54.089915797915
040	55.344948083067095
041	54.03055942663747
042	54.694970095107365
043	54.68900481540931
044	54.372686096888536
045	54.96940688838448
046	55.166583986506595
047	54.71418712412501
048	54.566590068937955
049	54.532087165133944
050	54.44313566206336
051	54.89008664114447
052	54.31865127582017
053	54.87992777610593
054	54.72670125723408
055	54.22553747237291
056	54.22195608782435
057	54.78386650868878
058	54.97261519805982
059	54.326316859873906
060	54.31637279596978
061	54.2768435980551
062	54.13174967561633
063	54.82682357715329
064	54.22117577079409
065	54.370736086175945
066	54.83336683417085
067	54.24632790789996
068	55.00770693624262
069	54.803434925047156
070	54.3164747120681
071	54.739249215825154
072	54.384731899424416
073	54.50836757190099
074	54.53762456782591
075	54.02864058087939
076	54.47543629577323
077	54.41376165383056
078	54.45927467300832
079	54.04006346687822
080	54.28444577471815
081	55.02443930403299
082	54.63755803615529
083	54.21304780876494
084	54.39233540124074
085	54.339331619537276
086	55.01681603061122
087	54.58174373314691
088	54.55992339481907
089	54.5138262404393
090	54.98842084248353
091	54.63466962127317
092	54.486134919834626
093	54.13621922160445
094	54.921103141731486
095	54.45462767561049
096	54.532234031985695
097	54.126280862691516
098	54.14413863404689
099	54.45978052954797
100	54.74544343753182
101	54.43741334917806
102	54.08912083500602
103	54.774795450009975
104	54.144421906693715
105	54.46773869346734
106	54.32617769827072
107	54.547985422150234
108	54.046381093057605
109	54.13654979522525
110	53.701491013071895
111	54.17017227564103
112	54.50681931309109
113	54.33319927609089
114	54.16990291262136
115	54.562311254278235
116	54.48705129487051
117	54.90852602628094
118	54.27935548841893
119	54.24288387668669
120	54.343500656499344
121	54.42834520981789
122	54.768951296150824
123	54.53164556962025
124	54.94483720003983
125	54.25860502674876
126	54.72847551342812
127	54.805216701378555
128	54.39940476190476
129	54.161578630247035
130	55.26477002379064
131	54.41809290953545
132	53.96017522899243
133	54.71525858665614
134	54.61491442542787
135	54.20742313915858
136	54.491486607587376
137	54.79765277215702
138	54.25619341359069
139	54.31769849945344
140	55.002796644027164
141	54.39690358902182
142	54.58495434696308
143	54.627360346184105
144	54.583015841187084
145	54.29894153724404
146	54.25922592259226
147	54.19665271966527
148	54.03438395415473
149	54.83625262736463
150	54.73337303950764
151	54.37827603388141
152	54.60395841663335
153	54.210364645263574
154	53.79700382063141
155	54.03309338132374
156	54.83316633266533
157	54.94658397519256
158	54.66948300140817
159	54.75728820191743
160	54.872153051928336
161	55.033629378305555
162	54.161570289635684
163	54.59082697711762
164	54.480256564441774
165	54.4270117266478
166	54.840189554345635
167	54.62169971106904
168	54.3693981435273
169	54.88402010050251
170	54.5710755239225
171	54.41415647678696
172	54.21285786037167
173	54.64332932692308
174	54.522846146254814
175	54.25247376311844
176	54.715903446905735
177	54.75042259122999
178	54.4676208587729
179	54.841956631366614
180	54.479769370827434
181	54.89927279874214
182	54.557138526826314
183	54.55753452071243
184	54.732324730544846
185	54.95380899667908
186	54.42828384499245
187	54.3363917422958
188	55.14153319230382
189	54.78644743398107
190	53.838735574510785
191	54.64945787327166
192	55.30553895198247
193	54.46428208515395
194	54.469365426695845
195	54.416979269496544
196	54.379619260918254
197	54.9589463220676
198	54.525575830092734
199	54.145403564990986
200	54.831232768806615
201	53.98320730629481
202	53.77620623934196
203	54.84149855907781
204	55.21265048352082
205	54.102103591982534
206	54.64956408457761
207	54.60954081126649
208	54.91152158383508
209	54.54132804757185
210	54.22182504220038
211	54.5976272862086
212	54.28445544554455
213	54.4081368745648
214	54.324913775613716
215	54.57494273478737
216	54.86257886435331
217	54.18325769036813
218	54.540609636184854
219	54.67757390417941
220	54.41123843988741
221	54.45969055374593
222	54.21873427910253
223	54.39838371744987
224	54.33746283448959
225	54.22451818001192
226	54.68058094657729
227	54.74140343862455
228	54.320676765689555
229	54.18130967306394
230	54.43866358055751
231	54.699204556613964
232	54.400219189000694
233	54.48564687377114
234	54.74751885668916
235	54.638992354440305
236	54.355265817667274
237	54.22501490164912
238	54.08133638261907
239	54.541297062881924
240	55.010699505400225
241	54.42509232458329
242	54.23607319785664
243	54.674195146111934
244	54.58727839470095
245	53.833382686802885
246	54.26344567054379
247	54.92480751924808
248	54.746939994029255
249	54.331115304399646
250	54.80547536087606
251	54.572367765713715
252	54.575242475752425
253	54.69956052736716
254	54.65352614896989
255	54.579373207701764
256	54.137682609565736
257	54.705145899053626
258	53.931124497991966
259	54.550182481751825
260	54.28212148869283
261	54.8019198080192
262	54.69252355181399
263	54.79174183203047
264	54.656376109765944
265	54.48376623376623
266	54.766830708661416
267	54.66120818771842
268	54.05800020138959
269	54.75229626734415
270	54.31423782291461
271	54.47342657342657
272	54.623945200039714
273	54.286044176706824
274	53.77373798076923
275	54.34567400344863
276	54.2648746602235
277	54.42020755825338
278	54.38142871577246
279	53.91111777644471
280	54.303156399066275
281	54.98203592814371
282	54.95403788634098
283	54.59084464249544
284	54.258587881822734
285	53.89698746461787
286	54.190935294702314
287	54.85141936782766
288	54.428069470936656
289	53.811246170570215
290	54.44028340080972
291	54.656376368478156
292	54.520539730134935
293	54.38263027295285
294	54.7284721522812
295	54.7228577162352
296	54.8199207135778
297	54.837671978620214
298	54.583126550868485
299	54.65081901717939
300	54.21591709427508
301	54.61081716637272
302	54.42381837753205
303	53.582699815081156
304	54.53011093502377
305	54.34266009852217
306	54.81166053129042
307	54.886476797450705
308	54.96820317968203
309	53.9151582566488
310	54.59559779889945
311	55.026331419520886
312	54.84493222739227
313	54.446410817259896
314	54.811688975171144
315	54.72567328484372
316	54.33248457545784
317	54.502905229412946
318	54.21092972327295
319	54.84493927125506
320	54.60411876437069
321	54.13374588282264
322	54.927707229277075
323	54.7652774994991
324	54.264363198071514
325	55.02145540834487
326	54.61400667948588
327	54.40358086292926
328	54.53070929879591
329	54.680733583119704
330	53.91757587780202
331	53.8971445509337
332	54.58251943392466
333	54.406756896373594
334	54.495884360570166
335	54.168506913359195
336	54.6263855898654
337	54.242079855174495
338	54.46690518783542
339	54.83151575787894
340	54.59407437266955
341	54.31629424560016
342	54.9846504258269
343	54.247231367853935
344	54.63757096512571
345	54.80611232387378
346	54.679208115827834
347	54.51611298985478
348	54.02284692559849
349	54.28451127819549
350	54.685533326631145
351	54.641932270916335
352	54.65717686737427
353	54.12602573194205
354	54.0756017177669
355	54.54580268064093
356	54.347237652762345
357	54.563537579233326
358	54.57754172989378
359	54.21378691141261
360	54.43877651702023
361	54.49602590521048
362	54.33758537565287
363	54.582386929667265
364	55.33289124668435
365	54.360866898384785
366	54.55784323718275
367	54.99409669211196
368	54.488701416089185
369	54.09886008271966
370	54.62888777050831
371	53.95428229187463
372	54.412269326683294
373	53.99377741507702
374	54.35707171314741
375	54.500400881940266
376	54.59825112988799
377	54.389637203814765
378	54.251751751751755
379	54.40638621388748
380	54.417366393361654
381	54.560413919042304
382	54.44009080142124
383	55.05488344644438
384	54.91764943050096
385	54.08955676988464
386	54.474707001903234
387	54.392497256310484
388	54.93620014066111
389	54.879759723070656
390	55.042225534028816
391	54.40682281059063
392	54.57244918494667
393	54.136547811993516
394	55.263513513513516
395	54.664051498692416
396	54.36968244457759
397	54.55992490860587
398	54.158989598811296
399	54.20592355413248
400	54.59675492733426
401	54.54152300265984
402	54.117244117939045
403	54.704081632653065
404	54.96267113168522
405	54.07909201954397
406	54.54349585272102
407	54.421073717948715
408	55.11461629746835
409	54.47676505783805
410	54.60154447898907
411	54.29298665072724
412	54.57489959839357
413	54.7873930573311
414	54.4252711932503
415	54.54844119968429
416	54.21544550436371
417	54.864760585674716
418	54.247308582352346
419	54.33601110780522
420	54.967419290948705
421	54.51372279945109
422	54.69108534879073
423	54.73628691983122
424	54.7466429699842
425	54.22365933737937
426	54.16347204290396
427	54.81649648061862
428	54.61158585055644
429	54.378036538847624
430	54.57365510306687
431	54.820341645395644
432	54.35179805669638
433	54.35945384387058
434	54.685857572718156
435	54.03432655526475
436	54.57404505386876
437	54.15758117366696
438	54.8570457414781
439	54.230883961419906
440	54.63072642353175
441	53.886526252141486
442	54.88337296868807
443	54.859005214600884
444	54.096313318013785
445	54.74324594756854
446	54.25834658187599
447	54.3609556177529
448	54.70276030038563
449	54.39015763945028
450	54.44877856579984
451	54.20151898734177
452	54.430787829941565
453	54.53114951768489
454	54.42635429023329
455	54.58770883054893
456	54.39428802099102
457	54.091933393159835
458	54.266277458935285
459	54.5059708981435
460	54.66824644549763
461	54.5808
462	54.11709053916582
463	54.30584330684904
464	54.346615939126956
465	54.383804601195905
466	54.13914561511604
467	54.91883568448242
468	54.66742641958181
469	54.092714570858284
470	55.227308681036185
471	54.63831047073917
472	54.290511093502374
473	54.16360202763145
474	54.474865985637706
475	54.69291259199516
476	54.75034812015118
477	54.86613698079051
478	54.88579578988786
479	53.76484897628218
480	54.360288230584466
481	54.891375101708704
482	54.601369455195
483	54.480016107923085
484	54.554431647471205
485	54.370211898940504
486	54.554394154658006
487	54.066805638276755
488	54.96770286637061
489	54.71734411996843
490	55.02229299363057
491	54.648857994041705
492	54.491452564230734
493	54.84723889555822
494	54.838362502514585
495	54.45599354773667
496	54.56844732900649
497	54.23104765734969
498	54.139537193365776
499	54.70096431056765
500	54.42819472616633
501	54.98591689972034
502	54.374102870813395
503	54.20140016233766
504	54.732982212063995
505	54.850687022900765
506	54.3888833349995
507	54.79490535642368
508	54.304295704295704
509	53.96697027324592
510	54.80230115057529
511	54.25988191734214
512	54.27373179306881
513	54.30738522954092
514	54.0882150241213
515	54.23385567421899
516	54.57341545797735
517	54.24867672026366
518	54.795737122557725
519	53.99163679808841
520	54.567542880341016
521	54.21852226720648
522	54.528557114228455
523	54.33282766990291
524	54.58767676767677
525	54.5916240660637
526	54.483117924055705
527	54.203143653004375
528	55.01112447384245
529	54.70646221248631
530	54.18007511365882
531	54.703818472610955
532	54.77148475909538
533	53.77898147210691
534	55.19003419638496
535	54.9308010910193
536	54.849569775492036
537	54.39036216109242
538	54.806418850294534
539	54.375228612070714
540	54.55669788273616
541	54.46746039753809
542	54.391973107874094
543	54.32657200811359
544	54.74972336787044
545	55.161608040201
546	54.43711626064567
547	54.54722802826714
548	54.703251625812904
549	54.01025125628141
550	54.2646649433287
551	53.93947923997185
552	54.217828685258965
553	54.53561978424588
554	54.53121703270356
555	54.519255647328094
556	54.09384743296612
557	55.093108942441745
558	54.47707070707071
559	54.61372961072751
560	54.73072215422277
561	54.65250965250965
562	54.55809023922479
563	54.55565538584406
564	54.21939860281462
565	54.52251278018089
566	54.379760828057485
567	54.74789583127042
568	54.557191506410255
569	54.58770540487032
570	54.4610033313737
571	54.51569866586418
572	54.85002047502047
573	55.14724480578139
574	54.44278458320884
575	54.81652576489533
576	54.89048176321435
577	54.445128205128206
578	54.228756218905474
579	54.41981132075472
580	54.68614804524707
581	53.737412935323384
582	54.204644412191584
583	53.757850241545896
584	54.904484214759705
585	54.256487325919245
586	54.6469528670069
587	54.45465184318315
588	54.40333135038667
589	54.46156165209527
590	54.86788899900892
591	54.658543953277615
592	54.445669607056935
593	54.43201446073509
594	54.37565303104978
595	54.75787825406146
596	54.61724001581653
597	54.716565656565656
598	54.361930294906166
599	54.20053849222178
600	54.44367677981376
601	54.74853683148335
602	54.45724944545271
603	54.59035668412212
604	54.482261750968895
605	54.58563755719117
606	54.27961989486454
607	54.71334146837503
608	54.62896647766836
609	54.452837729816146
610	54.455257607713165
611	54.18224579663731
612	54.565546051322855
613	54.3577445248241
614	55.062772096790525
615	54.18592111832252
616	54.75015075376884
617	54.798775592131676
618	54.364231935073825
619	54.427536231884055
620	54.18295260138875
621	53.91531369011826
622	54.961106046794285
623	54.258317224539624
624	55.01943123165672
625	54.71843608430175
626	54.541336012054245
627	54.416527134837
628	54.33969118982743
629	54.66396477534274
630	54.25414534288639
631	54.13900938162009
632	54.51312506238148
633	54.08052360174534
634	54.53688524590164
635	54.69375
636	54.05179929042068
637	54.34864405083559
638	54.04062031015508
639	55.27924825346847
640	54.68699791728652
641	53.936295136510424
642	54.447606464071555
643	54.47022523912373
644	54.33016317949745
645	54.65613198171338
646	54.47180920067858
647	54.21835855296122
648	54.49316994777019
649	55.04124124124124
650	54.55659429030961
651	55.652979066022546
652	54.439748828864744
653	54.21232876712329
654	53.833634719710666
655	54.345800917614206
656	54.42474552821425
657	54.469007239908755
658	54.048483619028296
659	53.36790073640674
660	54.11042133116222
661	54.514962843944566
662	54.72958202611072
663	54.328592889334004
664	54.56818872127164
665	54.04458534621578
666	54.27156293776266
667	54.155701311806254
668	53.998717063061285
669	54.61723649605503
670	54.69083091690831
671	55.1984280902317
672	54.68176750785447
673	54.16186382729315
674	55.01684379386405
675	54.73342637822749
676	54.88452937588941
677	54.58892885691447
678	54.41890429821973
679	54.208857030636295
680	54.77899718082964
681	54.55765989092712
682	54.26076101068611
683	54.70899470899471
684	54.8327239488117
685	54.66150733434497
686	54.47725906631938
687	55.1704112337011
688	54.709002093510115
689	54.44930278884462
690	54.3907649896623
691	54.94770976895014
692	54.86511156186612
693	54.084974399369834
694	54.69467646170877
695	54.75499254843517
696	54.57904556166536
697	54.266786931248745
698	54.756503538323535
699	54.46159928832658
700	54.44616615015495
701	54.254674532546744
702	54.77807592923872
703	54.671480144404335
704	54.08361570659757
705	54.05414174186353
706	55.03851194676883
707	54.57329894862131
708	54.288110062261495
709	54.6212994238029
710	53.99899628625916
711	54.49050918951492
712	54.608338344357584
713	54.53577504252977
714	54.589995047052994
715	53.67691848312929
716	54.1112118464793
717	54.570907297830374
718	54.72583201267829
719	54.69932095066906
720	54.88941580062557
721	54.899183917197455
722	54.40221216691805
723	54.4845502853769
724	54.393764319155295
725	54.58475676755569
726	54.21788601656852
727	54.74586018839861
728	53.94846989141165
729	54.51598997493734
730	54.0548743718593
731	54.93543802659629
732	54.759317379364454
733	53.64410502146351
734	54.51708291708292
735	54.26650024962556
736	54.84329482672024
737	54.41725226601487
738	54.357342657342656
739	55.552639578478065
740	54.240782840763075
741	54.14261220373172
742	54.0788133053641
743	54.266010352177005
744	54.50275799819477
745	54.235343035343035
746	53.65939259855189
747	54.594509184278095
748	54.511239249413606
749	54.878729838709674
750	54.23254196880898
751	54.83058272208639
752	55.162278978389
753	54.55205300672623
754	54.4752596212584
755	54.02903193512864
756	54.63641863278887
757	54.173266832917705
758	54.38545418167267
759	54.61754558896008
760	54.249470178625494
761	54.26613634075118
762	54.17845691382765
763	54.28876415756239
764	54.33426629348261
765	53.710560110639136
766	54.58381153729991
767	54.42570766596152
768	54.5855517070757
769	54.503106212424846
770	54.364115026326445
771	54.87179994069388
772	54.91851557058999
773	54.44969117354054
774	54.709188859524296
775	54.36664997496244
776	54.83769633507853
777	54.52446223111556
778	54.53085317460317
779	54.21547071756946
780	55.11235051753592
781	54.13125940792775
782	54.461723930078364
783	55.0
784	54.78340323547034
785	54.24790805524751
786	54.42647205838249
787	54.23064039408867
788	54.98267053991786
789	54.51531477601517
790	54.438517179023506
791	54.75411836485662
792	54.84934143870314
793	54.608831221082276
794	54.61118881118881
795	54.35838035838036
796	54.669011990882964
797	54.425664786462534
798	54.65358645660045
799	53.873620862587764
800	54.029877324891174
801	54.70404577853629
802	54.56063776781266
803	54.39938388154626
804	54.752363889718325
805	54.67511591962906
806	54.433602713758354
807	54.56952853598015
808	54.55831587349097
809	54.51855972489127
810	54.305403209425144
811	54.41119983826948
812	54.49747948996738
813	54.546667994820204
814	54.12904194614075
815	53.92011511362509
816	54.76999110408224
817	54.77671947062362
818	54.393649193548384
819	54.37445068983138
820	54.436276944472034
821	54.641962944416626
822	54.79612426331036
823	54.45711724275326
824	54.39816005539618
825	54.95267981669655
826	54.702936784469884
827	54.56535197204194
828	55.18038788838314
829	54.2925970629652
830	54.37565979484115
831	54.32013804303695
832	54.992209631728045
833	54.20125722396837
834	54.50538707102953
835	54.971720579480056
836	54.30437399678973
837	54.75830184927421
838	54.28016979987871
839	54.93851358073824
840	53.823411905713144
841	54.65135135135135
842	54.57726149283243
843	55.12845138055222
844	54.001183665417244
845	54.95217476874631
846	54.37219283361613
847	54.15337175209787
848	54.44584458445845
849	54.841759104741335
850	54.78930065750149
851	55.01287893798296
852	54.463007883565794
853	54.67400881057269
854	54.55372145893051
855	54.48877200080923
856	54.39901329037455
857	54.62523671882787
858	54.25299492385787
859	54.481728919931165
860	55.05163476874003
861	54.385777155431086
862	54.86320328953966
863	54.56111712066083
864	54.85893543817041
865	54.46760226933413
866	54.13105639396346
867	54.66926877470356
868	54.51167728237792
869	54.76587895104198
870	55.040051297227976
871	54.43440468971094
872	54.882235727807114
873	54.66428930185836
874	54.386003831803976
875	54.533253802564865
876	53.94025562270881
877	54.1705380186619
878	54.502837232453956
879	54.660084202085
880	54.68780585239189
881	54.71253822629969
882	54.6551724137931
883	55.04680512769552
884	54.764425936942295
885	54.43270389714745
886	54.64499283227524
887	54.788740859461086
888	54.66779762498753
889	54.60075780237312
890	54.43216531895777
891	54.497571341833634
892	54.11819533961329
893	54.474889434889434
894	54.17153467830975
895	55.35745064635735
896	54.70624494745352
897	54.36783471743974
898	53.97207379776187
899	54.183539840838115
900	54.58351648351648
901	54.34313528703332
902	54.314918228958916
903	54.1938255569987
904	54.40773513620998
905	54.40537580886013
906	54.25252117789431
907	54.853258132742475
908	55.15697203080665
909	55.252665138985755
910	54.82347031045916
911	55.36955205811138
912	54.59914223020147
913	54.659118727050185
914	54.4144678327898
915	54.76259064269395
916	54.685702754515184
917	54.27113286428062
918	54.75609278653225
919	54.05387844862055
920	54.514614614614615
921	54.713637260706534
922	54.35248226950355
923	54.65903232203054
924	54.63712158808933
925	54.40528634361233
926	54.39667170953101
927	54.82041832669323
928	54.12726536397692
929	54.34442092530995
930	54.0180559735179
931	54.40769153124054
932	54.2387014012236
933	54.448357532694885
934	54.31645314233835
935	54.50540406544373
936	54.52162647000199
937	54.477354349561054
938	55.03398155573376
939	54.615083742854274
940	54.75423045930701
941	54.53427660422479
942	54.33150493667099
943	53.90851385390428
944	54.41421005296293
945	54.566522308389565
946	54.59575101757173
947	54.53920080930703
948	54.40682155215027
949	54.77331865492394
950	54.6386163147983
951	54.15111199364575
952	54.26849642004773
953	54.422672380210365
954	54.19045701630763
955	54.19502566127122
956	55.06168862859931
957	54.103617292422314
958	54.34004739336493
959	54.286800276434
960	54.27958833619211
961	54.71470350947963
962	54.60115780017966
963	54.66398041415893
964	55.190745144669044
965	54.97906716797073
966	55.179456071175814
967	54.24204270749396
968	54.34914308489438
969	54.749442077500504
970	54.11856735215979
971	54.717812530736694
972	54.63911032378703
973	54.57783510268876
974	54.46247730482146
975	54.285344999005765
976	54.516024010580935
977	54.65432222000399
978	54.95200400801603
979	53.89058600379355
980	54.826531645569624
981	53.83128312831283
982	54.917326297273526
983	54.490442705754184
984	53.83549001905908
985	55.14849142181029
986	54.51155717761557
987	54.39522280208752
988	55.01699830016998
989	54.79760727704173
990	54.15895231430571
991	54.45117070242145
992	54.568378190485646
993	53.860866929372534
994	54.84249417957283
995	54.464540074230115
996	54.35639932586498
997	54.6590609471656
998	54.25698602794411
999	54.53031358885018
