000	31.832047358645298
001	31.645284570237408
002	31.724002541838907
003	31.626612418882875
004	31.67402021720942
005	31.703162074269688
006	31.598014637855016
007	31.779679470176816
008	31.654093667825027
009	31.50804938998564
010	31.69378368154171
011	31.978518465017366
012	32.13064560824443
013	31.74114327668284
014	31.668374456805996
015	31.59623889673809
016	31.641083872722426
017	31.85313229523743
018	31.705536993483523
019	31.852754805121283
020	31.655640974116267
021	31.808850833677482
022	31.585716454145807
023	31.977742462007342
024	31.846230315228034
025	31.90298290496876
026	31.660052103878098
027	32.008513665817524
028	31.714414824768426
029	31.739797964145378
030	31.917809847540692
031	31.91068365927773
032	31.72454269337777
033	32.02779252924597
034	31.614906481652486
035	31.67336405798314
036	31.879966476239314
037	31.831226689707673
038	31.68604721402272
039	31.69454835680391
040	31.77118518603158
041	31.759420465089562
042	31.704568253848866
043	31.42796936560884
044	31.810941983060765
045	31.830821475868362
046	31.75871417931374
047	31.85420288469219
048	31.65388462799268
049	31.667131664134804
050	31.74602510999491
051	31.419788858967763
052	31.883195374437555
053	31.6348664393202
054	31.968701068288183
055	31.720285250457522
056	31.800434406969522
057	31.722782581418688
058	31.74215786655235
059	31.781508114448354
060	31.980648039000446
061	31.829992989275812
062	31.667660093388584
063	31.543915526158262
064	31.765399516925562
065	31.849018782424995
066	31.748866497765864
067	31.749229277502057
068	31.586642059788566
069	31.574311279255046
070	31.723417128390654
071	31.756465277938528
072	31.79171918204661
073	31.783092487366734
074	31.817050146859756
075	31.68849877672727
076	31.87553710436721
077	31.672531412719987
078	31.86524660697013
079	31.56725363362468
080	32.16476249295067
081	31.63269105778934
082	31.815573316178547
083	31.850562656595134
084	31.518128751516507
085	31.796183296304246
086	31.669157995585138
087	31.711951325127018
088	31.609048038455015
089	31.754324333955847
090	31.667425877656274
091	31.7986924196691
092	31.665639441093557
093	31.91239047759094
094	31.73863283859106
095	31.84859165475785
096	31.634367228569296
097	31.775866613823514
098	31.832114826104785
099	31.73995917276072
100	31.759046386056898
101	32.03937322403104
102	31.807853154564995
103	31.623601341297316
104	31.907031536118932
105	32.01833381491776
106	31.515735353513552
107	31.57764063966647
108	31.70655467045933
109	31.774587475430092
110	31.512339186615097
111	31.97536721783167
112	31.660995503743056
113	31.91201103385905
114	31.825677203376273
115	31.851501764224935
116	31.88363619969135
117	31.780868777454078
118	31.492726601102554
119	31.79002823573039
120	31.778225748838878
121	32.110771791460344
122	31.80094252128472
123	31.754927474529747
124	31.684600448442726
125	31.766974480869724
126	31.819137641660006
127	31.616649441089244
128	31.849292269065234
129	31.826329312689015
130	31.628716560095626
131	31.96335163676126
132	32.04953609841223
133	31.606746587887546
134	31.847958300960144
135	31.503017807733837
136	32.144462711048234
137	31.760055633139668
138	31.835290193236226
139	31.815473293293813
140	31.839027876235207
141	31.85340729130574
142	31.737734629495968
143	31.778165177909887
144	31.921285864053615
145	31.630882416790474
146	31.86618740013854
147	31.82657594352351
148	31.714789436637794
149	31.72985336436904
150	31.591134603932733
151	31.592034026478512
152	31.57694977665688
153	31.526659735715377
154	31.80156414743802
155	31.62029759959652
156	31.743405206751856
157	31.574469535288305
158	31.857948340434405
159	31.56502077220242
160	31.870428111720678
161	31.772572667979958
162	31.63018724337716
163	31.57044256389491
164	31.897715102817546
165	31.894417971362046
166	31.68914396699379
167	31.626593088332214
168	31.795585528194557
169	31.68240945335955
170	31.60211093254393
171	31.772166015531948
172	31.620889399142367
173	31.63530047866078
174	31.67242515051284
175	31.760597143553053
176	31.865118893423382
177	31.874105289054366
178	31.614100950583666
179	31.564640705587664
180	31.69712102737077
181	31.967178737330627
182	31.77604842094292
183	31.990681836624233
184	31.773532970903375
185	31.669256502171148
186	31.614340803140408
187	32.051689922925185
188	31.909986590306072
189	31.862116603764694
190	31.797740982663942
191	31.750489481682695
192	31.805479303144086
193	31.75201116342154
194	31.6729313637831
195	31.877007628053015
196	31.770976857056866
197	31.96462660651532
198	31.650087369461925
199	31.9556040209676
200	31.799143039968694
201	31.946595537794767
202	31.922052367910368
203	31.681483195705944
204	31.572062001143472
205	31.808456480659878
206	31.811700961440415
207	31.600630648561804
208	31.93337095530017
209	31.738629386318024
210	31.636713997783172
211	31.70725226285618
212	31.67710732654699
213	31.892181845609503
214	31.74247136409461
215	31.525111497652937
216	31.73804038728066
217	31.78732665142195
218	31.680291074773653
219	31.729186484654335
220	31.51516862365075
221	31.683822485537487
222	31.90049253532775
223	31.843489259243785
224	31.96418282934387
225	31.757430396464798
226	31.928841697689542
227	31.553702005256074
228	31.484082899459757
229	31.558705366891754
230	31.661035708118327
231	32.0804265523708
232	31.678293523197045
233	31.836111427145887
234	31.633483670450786
235	31.85878834402953
236	31.66805148334731
237	31.956020046509117
238	31.7263111203774
239	31.66628790531629
240	31.565801829344675
241	31.73410086161995
242	31.794066525641327
243	31.71992275975212
244	31.525893452361334
245	31.993627126357943
246	31.77961472715659
247	31.8653941686816
248	31.792027747607094
249	31.791284074481847
250	31.88360561377902
251	32.02123594097063
252	31.63584301079552
253	31.61081239070947
254	31.707298092080617
255	31.68853770166717
256	31.561298068171205
257	31.794700758010592
258	31.785979676690648
259	31.96486075035159
260	31.76791334440224
261	31.76115647003378
262	31.774325548830895
263	31.750005803942173
264	31.897088227861623
265	31.732247085314494
266	31.564240399074237
267	31.64272714044815
268	31.720901124740433
269	31.729339870273293
270	31.74565732667213
271	31.94175159882708
272	31.58077994093394
273	31.7875959481734
274	31.63696751464724
275	31.90711365360112
276	31.743928792449747
277	31.58448355452482
278	31.32312802857561
279	31.856049936841952
280	31.778953652268793
281	31.78675386032444
282	31.67926783742777
283	31.63784133583292
284	31.654491680622627
285	31.786703243754385
286	31.65422376299349
287	31.66763794096719
288	31.431899854949254
289	31.87592923533538
290	31.713750911598762
291	31.90718627102135
292	31.682143229723177
293	31.806314590593356
294	31.593892594089006
295	31.489270599225915
296	31.774193072671796
297	31.94411104807653
298	31.508108204396798
299	31.82302862178075
300	31.556685112960512
301	31.625100838047015
302	31.686764299438106
303	31.641665555750645
304	31.767557295308738
305	31.639548253940102
306	31.895420643853118
307	32.08383132050905
308	31.932967116463104
309	31.811022026147334
310	31.761023254757216
311	31.567759076497836
312	31.66829101246923
313	31.697504481238315
314	31.772695570437428
315	31.809131314275763
316	31.87048996706937
317	31.805709984707686
318	31.887676247377755
319	31.517529024170155
320	31.902812934537035
321	31.412544178632007
322	31.887562986730057
323	31.71218794028025
324	31.816535532740602
325	31.66094658769495
326	31.349892685692065
327	31.80547564049688
328	31.43695713334331
329	31.871475787498504
330	31.59238849105635
331	31.76839345754319
332	31.67941265674223
333	31.587454246387363
334	31.68649183498596
335	31.838440386432666
336	31.655550846516498
337	31.872603216973886
338	31.64376946968591
339	31.74369897646542
340	31.727620458791623
341	31.704819934995438
342	31.489683083776008
343	31.872071041268004
344	31.75861271398379
345	31.89802637905856
346	31.611903905984448
347	31.733567192324763
348	31.866486361547746
349	31.60715881202368
350	31.79061351414346
351	31.513838212059422
352	31.579122729839636
353	31.676555631823266
354	31.61669872368309
355	31.854708101129866
356	31.80064511916275
357	31.725662675022587
358	31.759571117605873
359	31.725034067055088
360	31.555805696927454
361	31.90251279714881
362	31.88243467709878
363	31.89068481894826
364	31.872649829414268
365	31.495223435604235
366	31.796844809721396
367	31.442721140264116
368	31.56548859434636
369	31.892267699478936
370	31.801887479090333
371	31.74764014247548
372	31.90657984612792
373	31.9406180761638
374	31.847471957089656
375	31.452289532375104
376	31.767635909079754
377	31.79589354598389
378	31.48272959772787
379	31.55953480955368
380	31.637256323035995
381	31.8737048907876
382	31.858921559667802
383	31.71384227989307
384	31.71887876516803
385	32.03976716074053
386	31.9269216702928
387	31.614839802989298
388	31.641516071414156
389	31.91805035272688
390	31.649371809010866
391	31.56277802092161
392	31.91188421718021
393	31.816465896331916
394	31.757811591083716
395	31.61968118444553
396	31.75488716469517
397	31.79767110810946
398	31.715912888393355
399	31.799799999820433
400	31.570026068475524
401	31.91780738678241
402	31.833475903759577
403	31.72406090038862
404	31.522273843463513
405	31.664360664353826
406	31.774252398863133
407	31.51556874679262
408	31.88947781546161
409	31.627982382661294
410	31.578743558852523
411	31.7102229751515
412	31.713868690305098
413	31.792335410483297
414	31.585406610890203
415	31.687310789317568
416	31.7919305099422
417	31.849620883497824
418	31.951535099912675
419	31.76391037354318
420	31.65888600351772
421	31.54710042184209
422	31.733535980542683
423	32.07682358948487
424	31.72910711569015
425	31.80854607435141
426	31.84058880505604
427	31.78481357320139
428	31.773931105737233
429	31.698706323310716
430	31.958437751671376
431	31.637159947823545
432	31.714487291930645
433	31.79435129408801
434	32.047089728522714
435	31.836747721006102
436	31.94560301140205
437	31.73737019977171
438	31.7703271618228
439	31.712435867459487
440	32.0392632363615
441	31.598864395073527
442	31.753609532796844
443	31.886057549731053
444	31.76357624033671
445	31.669606750074102
446	31.735657744281912
447	31.611465854882166
448	31.97453820725835
449	31.670723464190605
450	31.761296558909034
451	31.805457002219466
452	31.779111608628543
453	31.621753863761437
454	31.73958255453522
455	31.771606376395173
456	31.859661035265162
457	31.887396675712473
458	31.71385929817068
459	31.79217769670508
460	31.707687354194178
461	31.74364246969343
462	31.669643942106784
463	31.792564263939962
464	31.890128189152374
465	32.045211087087274
466	31.81098610837417
467	31.77835355192837
468	31.71024646277356
469	31.383224244249252
470	31.390165208275942
471	31.833111077989194
472	31.80966009843994
473	31.98577080363759
474	31.753032265940785
475	31.845669467273506
476	31.745818830330315
477	31.825601684542043
478	32.02767557666768
479	31.825561119327624
480	31.654932119524947
481	31.498963802634414
482	31.700660683385635
483	31.666222158240036
484	31.71284272451512
485	31.953434423674782
486	31.900262501490026
487	31.700483955212462
488	31.598996577893264
489	32.01534102993932
490	31.747051617254385
491	31.809721990863963
492	31.82811329878339
493	31.96125990080139
494	31.81849434985944
495	31.842810233071162
496	31.814576042865863
497	31.609363175653794
498	31.852973705354245
499	31.606949463514532
500	31.79404281499554
501	31.65473230250776
502	31.613265627664653
503	31.648560425946396
504	31.738564337880142
505	31.940367695827256
506	31.660979783552406
507	31.62188057668974
508	31.668727383079574
509	31.881894002461667
510	31.71707613350305
511	31.893070454574968
512	31.800720477240734
513	31.681093906275
514	32.0598393088348
515	31.591022786833566
516	31.792378254069504
517	31.728300575791025
518	31.913910731816173
519	31.701364807642506
520	31.707210033513377
521	31.68248182933896
522	31.789751832903626
523	31.678603180663373
524	31.702786359441415
525	32.015898503594606
526	31.737179106093297
527	31.887776398168572
528	31.78786015195633
529	31.692307822007603
530	31.74158643007382
531	31.716550246607387
532	31.922620283562654
533	31.622316339889483
534	31.89023733061475
535	31.656527675478113
536	31.72224316995538
537	31.893531164810852
538	31.54958375441034
539	31.655595846116814
540	31.692037817857184
541	31.79331786945417
542	31.54239925952624
543	31.44705353439199
544	31.558283902505742
545	31.907306405549647
546	31.889178971066322
547	31.641049545721877
548	31.925477695844755
549	31.9696605759842
550	31.84784951508178
551	31.68441935354047
552	31.936098614688333
553	31.701181190338126
554	31.89699123675147
555	31.514998268239804
556	31.724115836330675
557	31.7068410105724
558	31.7070605729359
559	31.795481782151818
560	31.79739092794018
561	31.714471471915964
562	31.992647738099095
563	31.662827838736174
564	31.6365606337839
565	31.56491882361642
566	31.66657620624952
567	31.776636370332223
568	31.66446303567863
569	31.679890516281464
570	31.52051038835149
571	31.764655799515232
572	31.546035858990262
573	31.958730715863457
574	31.851149978524912
575	31.735555744093286
576	31.626573097892315
577	31.845141732503752
578	31.893339460547864
579	31.660720696020544
580	31.85773969808507
581	31.683820277603093
582	31.897279517085458
583	31.65703444198322
584	31.873053343101116
585	31.8812384636563
586	31.5517266426861
587	31.54893436000084
588	31.787808578537526
589	31.74808987619772
590	31.878596423076875
591	31.777013109949237
592	31.62360806042855
593	31.707592853932194
594	31.51645923811861
595	31.52238041372032
596	31.66760439160558
597	31.836355935814613
598	31.73852295761085
599	31.79917868034337
600	31.671466991107007
601	31.71285309374814
602	31.758366873442547
603	31.778089903365192
604	31.75135176134215
605	31.839055133871234
606	31.83471774660085
607	31.81491544332398
608	31.819061122422603
609	31.807847404866546
610	31.872941865922147
611	31.75115486548789
612	31.596840361259208
613	31.46420960160693
614	31.783060400828116
615	31.580698294703282
616	32.00671930845031
617	31.62715889978881
618	31.722695024613962
619	31.782647324758845
620	31.797636915071486
621	31.89670458625435
622	31.818297859553894
623	31.689178317569294
624	31.842041616263465
625	31.5175046358355
626	31.77295973760307
627	31.74935624575676
628	32.037445603809
629	31.742918102330812
630	31.684262856440665
631	31.774427609421842
632	31.63451541887457
633	31.896357584808353
634	31.744836092644448
635	31.66844125687727
636	31.78241193315872
637	31.65962093409903
638	31.931838910672496
639	31.686722232180966
640	31.461021760945805
641	31.544463748835422
642	31.683740251646917
643	31.81452130250173
644	31.82356987679172
645	31.45939748558009
646	31.88537868462902
647	31.558081805319194
648	31.78025778826445
649	31.91623429343571
650	31.854258598072406
651	31.851361938773838
652	31.964755542731805
653	31.622675319057567
654	31.7524593960019
655	31.80512060314207
656	31.660041336147618
657	31.99099609361269
658	31.82099715110476
659	31.556956952212133
660	31.84859729093371
661	31.849568688821837
662	31.9409903841129
663	31.82067216380162
664	31.879693167622364
665	31.904350710078216
666	31.701599199298233
667	31.784403960705916
668	31.723487930408407
669	31.80108195717637
670	31.943803858017723
671	31.757824832895004
672	31.72471283107119
673	31.709257661721164
674	31.6739745978412
675	31.99021096243778
676	31.63369630039459
677	31.778033214081482
678	31.717054730080516
679	32.003576166873955
680	31.960711045435897
681	31.68435616049003
682	31.687308384981012
683	31.635966995505076
684	31.843729489576944
685	32.01699171300987
686	31.912825757549044
687	31.673834084379003
688	31.589679235605892
689	31.911357133892903
690	31.913326726936997
691	31.683766408685567
692	31.722469998205142
693	31.613504314706507
694	31.80802362908593
695	31.695747515006172
696	31.873224225053328
697	31.78078386749351
698	31.91936258057563
699	31.664953333376857
700	31.686905245769506
701	31.873001653383078
702	31.7041246540966
703	31.684097506418198
704	31.729748199498285
705	31.847657372188518
706	31.555952043001703
707	31.728773083316334
708	31.899199749919806
709	31.954743819947353
710	31.665274664063446
711	31.784868379254643
712	31.866438763057385
713	31.888713647444302
714	31.84612608982204
715	31.884502018728554
716	31.745866542383865
717	31.828905115840055
718	31.80846452369612
719	31.52012360205447
720	32.10155869435647
721	31.901995578925757
722	31.845847451949787
723	31.577801863865826
724	31.70094062242509
725	32.034429583021506
726	31.57876726705447
727	31.996054211285458
728	31.820646899255646
729	31.749933408838995
730	31.71651120445796
731	31.62437365377206
732	31.747420550471965
733	31.648583079541545
734	31.755452917115573
735	31.690528012190125
736	32.17654225365763
737	31.854088937205002
738	31.77226698359938
739	31.65174538293705
740	31.505115561509673
741	31.843417886488833
742	31.62821110800158
743	31.69199329137642
744	31.85642734685453
745	31.659104641182733
746	31.52373211863162
747	31.98121216166527
748	31.679376660985785
749	31.597186695605036
750	31.807316866467882
751	31.70012841495904
752	31.706567250815787
753	31.534868284527384
754	31.857627176798797
755	31.82187795171004
756	31.766439491801243
757	31.849459527249362
758	31.669560543782726
759	31.87137756506347
760	31.856896585898355
761	31.922652621893217
762	31.42367828075991
763	31.798957907198268
764	31.85977883945759
765	31.82749942320479
766	31.816177930427216
767	31.840944623610667
768	31.781316639600057
769	31.7022595443479
770	31.653629611488462
771	31.686521721547646
772	31.82106731084338
773	31.346212605970926
774	31.450565163977377
775	32.00305269900756
776	31.69330455714705
777	31.653588211867245
778	32.008256209736324
779	31.99663188973409
780	31.61021142834802
781	31.78080397779062
782	31.80936054288151
783	31.650373328945648
784	31.783751371654382
785	31.545578969802456
786	31.758585382078966
787	31.975115753885483
788	31.80219935777281
789	32.0018387131106
790	31.805587332472022
791	31.57942348450605
792	31.868318475185426
793	31.737968372546117
794	31.558250012569523
795	31.572454254205944
796	31.780794201595988
797	31.769016161865302
798	31.94933797912565
799	32.00450860110432
800	31.87657534784105
801	31.565307335813
802	31.77672419413452
803	31.77077303276691
804	31.644661775548702
805	31.8225717988974
806	31.87514551303806
807	31.797724750540755
808	31.629493069083775
809	31.8088253484405
810	31.799883177322236
811	31.648119076326495
812	31.606728543425263
813	31.647292055491093
814	31.638148387875646
815	31.908635905068053
816	31.773192507044044
817	31.79794916765125
818	31.722190795080966
819	31.764834374647375
820	31.675250046270026
821	31.73166146130992
822	31.68134437458046
823	31.773276079444223
824	31.721499062119122
825	31.86447358715413
826	31.928153183162053
827	32.04206494932445
828	31.73285657377015
829	31.627658867937676
830	31.84331193618411
831	31.589281099752395
832	31.711234412321716
833	31.922769662378936
834	31.503255770226836
835	31.628454416002963
836	31.785577209807347
837	31.893799099197523
838	31.654880724780252
839	31.958243903137536
840	31.738533539887147
841	31.73680218216228
842	31.764835628315545
843	31.98094271892767
844	31.85971021572065
845	31.836017501055128
846	31.741357634485013
847	31.837095353553703
848	31.75231778029964
849	31.82805098862669
850	31.96175508436905
851	31.77193873417507
852	31.702418835807734
853	31.76625695409924
854	31.71737535181459
855	31.949245684634022
856	31.938485126490146
857	31.800243261608664
858	31.726761948925834
859	31.885926922430468
860	31.69471886901669
861	31.815212840425485
862	31.749169599210173
863	31.866124156783204
864	31.656029051129963
865	31.798773173932005
866	31.878687558318124
867	31.587574822221082
868	31.50335562602958
869	31.912416109287218
870	31.932724113281058
871	31.8087140857105
872	31.857786699624807
873	31.727713206234192
874	31.57028626289031
875	31.67121690078297
876	31.77826307052165
877	31.774891070464
878	31.709348662915353
879	31.84689933173308
880	31.987724999578813
881	31.941255332423108
882	31.643161882239795
883	31.885707858093618
884	31.36538276660757
885	31.800839792573356
886	31.76921416688349
887	31.75019180841319
888	32.07029936913758
889	31.5710547058125
890	31.74842791939246
891	31.945059673413066
892	31.797977538843682
893	31.682970638646665
894	31.702811295701682
895	31.745028593518885
896	31.7565191535231
897	31.834974725145603
898	31.80346683248908
899	31.729732124715856
900	31.737720671149624
901	31.71928119304022
902	31.806042869918265
903	32.00775532150553
904	31.70295799778825
905	31.617586485371213
906	31.67938808670734
907	31.927898975464235
908	31.859485903439282
909	31.687225111608743
910	31.769250116231838
911	31.4928075236239
912	31.850861868369012
913	31.789417237984953
914	31.686307946459294
915	31.809618624547284
916	31.73325688836108
917	31.636843540949812
918	31.68989477137768
919	31.893316554716623
920	31.75120295996629
921	31.950804999707547
922	31.749495595726838
923	31.95709880172245
924	31.82777525679274
925	31.548017381588775
926	31.60758497731655
927	31.6913173755213
928	31.806706339847505
929	31.814254441288767
930	31.832670253341018
931	31.558297468305444
932	31.835545884646884
933	31.953493257218348
934	31.674596974102137
935	31.8197972927224
936	31.730965348868544
937	31.7048660196867
938	31.725813877515222
939	31.875879347762105
940	31.85599953839432
941	31.650125817441943
942	31.91745487272777
943	31.894385192217374
944	31.633633965359312
945	31.749441346064636
946	31.688252450116128
947	31.84590843139763
948	31.819634143049452
949	31.664524859793445
950	31.8691945080631
951	32.018668233313186
952	31.79103367218318
953	31.694496564603682
954	31.708543932404293
955	31.73908197750501
956	32.00136206831704
957	31.725077413836402
958	31.955034191940438
959	31.861670686970335
960	31.798717775113403
961	31.84014519144402
962	31.5074962901925
963	31.589754420031802
964	31.666136632930563
965	31.662453219639087
966	31.749990988229357
967	31.624396994724385
968	31.958091956775846
969	31.72235031614364
970	31.706462378788164
971	31.627998010150886
972	31.771445757277256
973	31.65569179181229
974	31.642131839840644
975	31.847820788214435
976	31.7244039003181
977	32.118351317424334
978	31.90945390968787
979	31.923393355917618
980	31.66934675153747
981	31.630196511087508
982	31.77354953054637
983	31.521081491904514
984	31.836952008717528
985	31.809000003251576
986	31.567158881825264
987	31.906769130562825
988	31.614232728771025
989	31.807994467173533
990	31.686371224199117
991	32.00472588330486
992	31.716554452563987
993	31.76090353416544
994	31.42659363826017
995	31.607970127381783
996	31.76904832586559
997	31.66537413577579
998	31.78616117145904
999	31.898497452644683
